0.0,0.0
0.020000000000000018,-0.010942478006594397
0.040000000000000036,-0.022271062694515287
0.06000000000000005,-0.033986175892701684
0.08000000000000007,-0.0460883149493162
0.10000000000000009,-0.0585764750484883
0.1200000000000001,-0.071417003831001483
0.14000000000000012,-0.084596026646625189
0.15999999999999992,-0.098127914226745494
0.17999999999999994,-0.11199836884282389
0.19999999999999996,-0.12617724624638743
0.21999999999999997,-0.14069698434571401
0.24,-0.15548342542225888
0.26,-0.17058068023504841
0.28,-0.18595663314505612
0.30000000000000004,-0.20157531198109929
0.32000000000000006,-0.21748977804859976
0.3400000000000001,-0.23357887954160994
0.3599999999999999,-0.24992971647728598
0.3799999999999999,-0.26648227590710022
0.3999999999999999,-0.28320337520588001
0.41999999999999993,-0.3001653713472987
0.43999999999999995,-0.3171915453475676
0.45999999999999996,-0.33442584322775221
0.48,-0.35176933672751126
0.5,-0.3692019443519487
0.52,-0.38680677911475403
0.54,-0.40436118367913182
0.56,-0.42206239654506023
0.5800000000000001,-0.43976704921464077
0.6000000000000001,-0.45747951824011235
0.6200000000000001,-0.47527968210005483
0.6400000000000001,-0.49292258237418901
0.6600000000000001,-0.51064160138687076
0.6800000000000002,-0.5282481144644291
0.7000000000000002,-0.54578259557431474
0.7199999999999998,-0.56331117186320423
0.7400000000000002,-0.58057877874588915
0.7599999999999998,-0.59784922154391218
0.7800000000000002,-0.61488469286127034
0.7999999999999998,-0.6317728522884426
0.8200000000000003,-0.64855536370555544
0.8399999999999999,-0.66498029436583839
0.8599999999999999,-0.68133464081135497
0.8799999999999999,-0.69732921311530294
0.8999999999999999,-0.71310853724249346
0.9199999999999999,-0.72867970768328461
0.94,-0.74380734730454667
0.96,-0.7587933054163456
0.98,-0.77329689744977881
1.0,-0.78752696026329128
1.02,-0.8014473205150322
1.04,-0.81485187950901117
1.06,-0.82804835444162439
1.08,-0.84064682424123149
1.1,-0.85292489341638644
1.12,-0.86479658460550124
1.1400000000000001,-0.87609623440572693
1.1600000000000001,-0.88712828703689506
1.1799999999999997,-0.89745839737491695
1.2000000000000002,-0.90743377889288701
1.2199999999999998,-0.91691493739247143
1.2400000000000002,-0.92578544230697979
1.2599999999999998,-0.93433766181963351
1.2800000000000002,-0.94210026329845298
1.2999999999999998,-0.94948683221692576
1.3200000000000003,-0.95630399410973543
1.3399999999999999,-0.96249031399773388
1.3600000000000003,-0.96831808930992291
1.38,-0.97328900550570341
1.4000000000000004,-0.97787543996113202
1.42,-0.98183347994557335
1.44,-0.98515889643380905
1.46,-0.98808424059717215
1.48,-0.99013534057521735
1.5,-0.99179266455310555
1.52,-0.99278188032211645
1.54,-0.99315429482841733
1.56,-0.9930859643393396
-1.561592653589793,-0.9921760243355654
-1.541592653589793,-0.99086216872669852
-1.521592653589793,-0.98886223351063829
-1.501592653589793,-0.98627739473258824
-1.481592653589793,-0.98322767174732917
-1.4615926535897934,-0.97939023206462739
-1.441592653589793,-0.9751514389344681
-1.4215926535897934,-0.97023206762625114
-1.401592653589793,-0.96477360507296617
-1.3815926535897933,-0.95884430269709886
-1.3615926535897929,-0.95219978086268131
-1.3415926535897933,-0.94516879815142352
-1.3215926535897928,-0.93748710132861812
-1.3015926535897933,-0.92932336523695325
-1.2815926535897928,-0.92070199310012257
-1.2615926535897932,-0.9114531915373677
-1.2415926535897928,-0.90184432976025231
-1.2215926535897932,-0.89163895984036023
-1.2015926535897932,-0.88101679154615087
-1.1815926535897932,-0.86996958261446722
-1.1615926535897931,-0.85839421657645143
-1.1415926535897931,-0.84649546060739156
-1.121592653589793,-0.83407778013427158
-1.101592653589793,-0.82131345578838877
-1.081592653589793,-0.80817552840178863
-1.061592653589793,-0.79461606513588057
-1.041592653589793,-0.78077854804420199
-1.021592653589793,-0.76652116668690295
-1.001592653589793,-0.7519888664337544
-0.981592653589793,-0.73715190759379789
-0.961592653589793,-0.72200311150058505
-0.9415926535897929,-0.7066283591846575
-0.9215926535897929,-0.69095148878411095
-0.9015926535897929,-0.6750697388552146
-0.8815926535897929,-0.65896769142135958
-0.8615926535897929,-0.64266235819133
-0.8415926535897928,-0.62618779920758039
-0.8215926535897933,-0.60954396103544983
-0.8015926535897933,-0.59276057390141679
-0.7815926535897932,-0.57585388773051982
-0.7615926535897932,-0.55884731961899436
-0.7415926535897932,-0.54173235467324177
-0.7215926535897932,-0.52458830269087109
-0.7015926535897936,-0.50736439740855344
-0.6815926535897932,-0.49012345951471908
-0.6615926535897927,-0.4728772813335938
-0.6415926535897931,-0.45559168213373619
-0.6215926535897935,-0.43840701458622278
-0.6015926535897931,-0.42120073354008775
-0.5815926535897926,-0.40408912287647519
-0.561592653589793,-0.3870550620861487
-0.5415926535897935,-0.3700562352179837
-0.521592653589793,-0.35327343550915197
-0.5015926535897925,-0.33652398355076552
-0.481592653589793,-0.31998220082068396
-0.4615926535897934,-0.30358645437692905
-0.44159265358979294,-0.28730309609222004
-0.4215926535897925,-0.27133273769342581
-0.4015926535897929,-0.25544535486371361
-0.38159265358979333,-0.23987565668468047
-0.36159265358979287,-0.22450444208385767
-0.3415926535897924,-0.20932191962894367
-0.32159265358979283,-0.19452889421030642
-0.30159265358979326,-0.17986133439354129
-0.2815926535897937,-0.16561425503141897
-0.2615926535897932,-0.15160109432239721
-0.24159265358979276,-0.13784871144136698
-0.2215926535897932,-0.12454040438734933
-0.2015926535897936,-0.1113914309509995
-0.18159265358979315,-0.098754505580508217
-0.1615926535897927,-0.086369720919685131
-0.14159265358979312,-0.074310350926268059
-0.12159265358979354,-0.062727206963037671
-0.10159265358979308,-0.051327535129026651
-0.08159265358979262,-0.04051664895711557
-0.061592653589793045,-0.029959459371580826
-0.04159265358979347,-0.019781932971927003
-0.02159265358979301,-0.010090758756911891
-0.0015926535897925476,-0.00059677636372251297
0.018407346410207026,0.0082495424164356866
0.0384073464102066,0.016856037486586404
0.05840734641020706,0.025041513898803061
0.07840734641020752,0.032751272731342797
0.0984073464102071,0.040260785381205345
0.11840734641020667,0.047083929675918013
0.13840734641020713,0.053694709625794777
0.1584073464102076,0.059857951706473372
0.17840734641020717,0.065574840042629312
0.19840734641020674,0.071086073019983612
0.21840734641020632,0.075919522333854947
0.23840734641020678,0.080566498618450499
0.25840734641020724,0.08475553242559071
0.2784073464102068,0.088543625636200649
0.2984073464102064,0.092117793853958324
0.31840734641020685,0.09507035070822499
0.3384073464102073,0.097858188496013299
0.3584073464102069,0.10019433282871415
0.37840734641020646,0.1021878136084696
0.3984073464102069,0.10397040994165251
0.4184073464102074,0.10520432722676248
0.43840734641020696,0.10630342996428931
0.45840734641020653,0.10697350038583277
0.478407346410207,0.10736851605969869
0.49840734641020745,0.1075670310763592
0.518407346410207,0.10730232435246644
0.5384073464102066,0.10693928775758506
0.5584073464102071,0.10618526487913703
0.5784073464102075,0.10522941601347788
0.5984073464102071,0.10410219273421885
0.6184073464102067,0.10260524296625445
0.6384073464102071,0.10105118457252184
0.6584073464102076,0.099157790000000315
0.6784073464102072,0.09713769421466624
0.6984073464102067,0.094980874316839242
0.7184073464102063,0.092551319014882408
0.7384073464102068,0.090108572622384503
0.7584073464102072,0.087389278704569431
0.7784073464102068,0.084616728774657007
0.7984073464102064,0.081749841405612839
0.8184073464102068,0.078706299246329478
0.8384073464102073,0.075694027204453243
0.8584073464102069,0.072476088056859317
0.8784073464102073,0.069273377749209206
0.8984073464102069,0.066024174947328415
0.9184073464102074,0.06268939370810786
0.938407346410207,0.059428711355904537
0.9584073464102065,0.056037840125693704
0.978407346410207,0.052722862594185155
0.9984073464102066,0.049412033644483176
1.018407346410207,0.046098072418195156
1.0384073464102066,0.042897296610849463
1.058407346410207,0.039642626106222725
1.0784073464102066,0.036514356843465212
1.098407346410207,0.033440756599141773
1.1184073464102067,0.030434809953582435
1.1384073464102071,0.02757208937155993
1.1584073464102067,0.024735386893384521
1.1784073464102072,0.02206034593808005
1.1984073464102067,0.01948734913446816
1.2184073464102072,0.017038793286666177
1.2384073464102068,0.01475601996414673
1.2584073464102072,0.012572415503119719
1.2784073464102068,0.010572662537821744
1.2984073464102073,0.0087162083585579538
1.3184073464102068,0.007025398665617205
1.3384073464102073,0.0055181640224849253
1.3584073464102069,0.0041646706231142673
1.3784073464102073,0.003007823415883625
1.398407346410207,0.0020266439869228016
1.4184073464102074,0.0012359211471039001
1.438407346410207,0.00063972502714180622
1.4584073464102074,0.00023222650642045937
1.478407346410207,2.3910379873792449e-05
1.4984073464102066,1.234632678032513e-05
1.518407346410207,0.00019961851206404859
1.5384073464102066,0.00058371385172620771
1.558407346410207,0.0011717270357890202
-1.5631853071795865,0.0019507639940101007
-1.543185307179586,0.0029344633658707838
-1.5231853071795864,0.004109626670297517
-1.503185307179586,0.0054738261898714963
-1.4831853071795864,0.0070381794459139085
-1.463185307179586,0.0087747142061305357
-1.4431853071795864,0.010709392264636575
-1.423185307179586,0.012813736533663373
-1.4031853071795863,0.015088313365658811
-1.3831853071795859,0.017541837248941258
-1.3631853071795863,0.020138478152941383
-1.3431853071795858,0.02291178954826506
-1.3231853071795863,0.025820415451843496
-1.3031853071795858,0.028869102285930776
-1.2831853071795862,0.03206030585875759
-1.2631853071795858,0.035356236234400033
-1.2431853071795862,0.038792683029443741
-1.2231853071795857,0.04231983398787912
-1.2031853071795862,0.045945797792408843
-1.1831853071795857,0.0496653829471599
-1.1631853071795861,0.053443277833355507
-1.1431853071795866,0.057311951867524941
-1.123185307179586,0.061219046008735928
-1.1031853071795865,0.065173592836985303
-1.083185307179586,0.069163543601903507
-1.0631853071795865,0.073159886111382716
-1.043185307179586,0.07718385390390925
-1.0231853071795864,0.081189891346279894
-1.003185307179586,0.085183543102386391
-0.9831853071795864,0.089148422027298668
-0.963185307179586,0.09306327756398157
-0.9431853071795864,0.096933745054107692
-0.9231853071795859,0.10072766885452349
-0.9031853071795863,0.10444315573203238
-0.8831853071795859,0.10806314922634468
-0.8631853071795863,0.11157276902590864
-0.8431853071795858,0.11496367552037938
-0.8231853071795863,0.118218184473092
-0.8031853071795858,0.12132481705865053
-0.7831853071795862,0.12426999958900929
-0.7631853071795858,0.12704275960469319
-0.7431853071795862,0.12962418038470461
-0.7231853071795857,0.13201043170752536
-0.7031853071795862,0.1341792586923041
-0.6831853071795857,0.13612449492074147
-0.6631853071795861,0.13783618330425168
-0.6431853071795866,0.1392893225159626
-0.6231853071795861,0.14049192472610036
-0.6031853071795865,0.14141104814537364
-0.583185307179586,0.14205092443995551
-0.5631853071795865,0.14239995267872191
-0.543185307179586,0.14243190414986914
-0.5231853071795864,0.14216358663299267
-0.503185307179586,0.14155299795082327
-0.4831853071795864,0.14061617134912041
-0.46318530717958595,0.13933807570242723
-0.4431853071795864,0.13769574573593094
-0.4231853071795859,0.13571110221889912
-0.40318530717958634,0.13333641975843638
-0.3831853071795859,0.13059879356411858
-0.3631853071795863,0.1274794199682
-0.34318530717958584,0.12396203751012071
-0.32318530717958627,0.12006977545741503
-0.3031853071795858,0.11575430597875117
-0.28318530717958623,0.11105048590682404
-0.26318530717958577,0.10593730266256773
-0.2431853071795862,0.10040699658665511
-0.22318530717958573,0.09448018209257554
-0.20318530717958616,0.088114795059373044
-0.1831853071795857,0.081347346460688405
-0.16318530717958613,0.074158402740566939
-0.14318530717958566,0.066548401197037838
-0.12318530717958609,0.058531590338121796
-0.10318530717958652,0.050082656605761423
-0.08318530717958605,0.041213364457593313
-0.06318530717958648,0.031939967687484624
-0.04318530717958602,0.022265665225404446
-0.023185307179586445,0.012188609480255517
